387
0 0 0 -1 0
1 1 21 20002 3.77
1 1 152 20689 3.14
1 1 155 13753 3.13
1 1 155 19972 3.13
1 1 170 16549 3.09
1 1 170 17284 3.09
1 1 191 11902 2.99
1 1 191 11851 2.99
1 1 205 22744 2.96
1 1 219 17272 2.91
1 1 221 7606 2.89
1 1 231 13066 2.84
1 1 233 21979 2.83
1 1 233 21553 2.83
1 1 238 12577 2.82
1 1 238 21994 2.82
1 1 238 22000 2.82
1 1 238 11995 2.82
1 1 250 19984 2.76
1 1 261 18562 2.73
1 1 271 11932 2.7
1 1 277 8059 2.69
1 1 287 21682 2.66
1 1 303 20764 2.59
1 1 313 23410 2.54
1 1 317 13795 2.52
1 1 320 15040 2.49
1 1 328 11836 2.44
1 1 331 13108 2.41
1 1 341 19267 2.36
1 1 348 11962 2.31
1 1 350 12031 2.3
1 2 35 11899 3.68
1 2 58 16525 3.55
1 2 104 13096 3.37
1 2 136 12574 3.23
1 2 145 18097 3.17
1 2 145 11887 3.17
1 2 152 22933 3.14
1 2 155 21985 3.13
1 2 202 8020 2.97
1 2 207 20935 2.95
1 2 211 11839 2.93
1 2 238 11983 2.82
1 2 250 21679 2.76
1 2 250 17299 2.76
1 2 254 23416 2.75
1 2 265 20578 2.71
1 2 265 8041 2.71
1 2 271 8047 2.7
1 2 277 7330 2.69
1 2 281 8050 2.68
1 2 281 13069 2.68
1 2 287 14581 2.66
1 2 295 8029 2.63
1 2 300 6586 2.6
1 2 300 16189 2.6
1 2 308 21241 2.57
1 2 322 19996 2.48
1 2 324 12010 2.47
1 2 339 11842 2.37
1 2 348 14593 2.31
1 2 353 11854 2.29
1 2 356 14578 2.27
1 2 356 22012 2.27
2 3 2 15715 4.04
2 3 4 19627 4.02
2 3 7 21250 3.97
2 3 14 19957 3.84
2 3 21 17254 3.77
2 3 25 20929 3.74
2 3 36 13093 3.67
2 3 41 15655 3.62
2 3 44 13087 3.61
2 3 44 15721 3.61
2 3 50 24091 3.58
2 3 54 11950 3.56
2 3 58 21988 3.55
2 3 71 15631 3.51
2 3 84 22699 3.46
2 3 90 12073 3.44
2 3 93 16546 3.42
2 3 104 8044 3.37
2 3 113 11860 3.34
2 3 116 13732 3.33
2 3 124 11923 3.29
2 3 140 17275 3.2
2 3 155 18535 3.13
2 3 176 11980 3.08
2 3 186 24784 3.04
2 3 190 13645 3
2 3 191 18538 2.99
2 3 200 17635 2.98
2 3 202 18565 2.97
2 3 221 11872 2.89
2 3 249 14602 2.77
2 3 277 7333 2.69
2 3 293 17290 2.64
2 3 293 18541 2.64
2 4 4 17302 4.02
2 4 25 19618 3.74
2 4 32 15226 3.69
2 4 63 20932 3.54
2 4 67 22063 3.52
2 4 84 16006 3.46
2 4 93 12058 3.42
2 4 98 11959 3.41
2 4 110 18526 3.36
2 4 113 13954 3.34
2 4 122 13582 3.3
2 4 124 18574 3.29
2 4 124 20923 3.29
2 4 135 18517 3.24
2 4 140 23176 3.2
2 4 152 19954 3.14
2 4 155 11863 3.13
2 4 162 22003 3.12
2 4 164 15658 3.11
2 4 167 11998 3.1
2 4 179 16555 3.06
2 4 191 17293 2.99
2 4 205 11956 2.96
2 4 211 22924 2.93
2 4 217 7321 2.92
2 4 221 11884 2.89
2 4 221 12025 2.89
2 4 221 22009 2.89
2 4 248 6727 2.79
2 4 254 13102 2.75
2 4 258 14584 2.74
2 4 261 11890 2.73
2 4 265 15679 2.71
2 4 277 12007 2.69
3 5 3 18091 4.03
3 5 6 19975 3.99
3 5 7 18094 3.97
3 5 7 17263 3.97
3 5 13 14026 3.87
3 5 14 18559 3.84
3 5 17 12982 3.82
3 5 20 17281 3.78
3 5 21 12055 3.77
3 5 27 13951 3.72
3 5 28 12571 3.71
3 5 32 17743 3.69
3 5 36 13063 3.67
3 5 39 11938 3.65
3 5 44 19969 3.61
3 5 47 16180 3.6
3 5 47 13075 3.6
3 5 49 24202 3.59
3 5 53 16531 3.57
3 5 58 19966 3.55
3 5 58 18499 3.55
3 5 65 21247 3.53
3 5 72 11875 3.5
3 5 73 12070 3.49
3 5 73 8038 3.49
3 5 84 15691 3.46
3 5 93 23422 3.42
3 5 98 23749 3.41
3 5 104 22006 3.37
3 5 111 13084 3.35
3 5 124 12457 3.29
3 5 130 21997 3.28
3 5 132 18547 3.27
3 6 1 13060 4.08
3 6 11 15673 3.91
3 6 12 22684 3.89
3 6 14 20431 3.84
3 6 18 17311 3.8
3 6 30 11971 3.7
3 6 30 18838 3.7
3 6 32 17251 3.69
3 6 39 19879 3.65
3 6 41 17068 3.62
3 6 50 8023 3.58
3 6 50 11686 3.58
3 6 63 24193 3.54
3 6 65 11800 3.53
3 6 67 16792 3.52
3 6 67 12985 3.52
3 6 67 7519 3.52
3 6 73 16561 3.49
3 6 78 20404 3.48
3 6 79 11911 3.47
3 6 79 11905 3.47
3 6 79 19876 3.47
3 6 79 16540 3.47
3 6 84 13105 3.46
3 6 92 10069 3.43
3 6 98 12001 3.41
3 6 104 15661 3.37
3 6 111 18580 3.35
3 6 118 19312 3.31
3 6 122 18445 3.3
3 6 124 13990 3.29
3 6 130 15688 3.28
3 6 136 22795 3.23
4 7 18 13099 3.8
4 7 28 16663 3.71
4 7 54 20005 3.56
4 7 54 19981 3.56
4 7 58 21982 3.55
4 7 73 19963 3.49
4 7 98 17737 3.41
4 7 104 11920 3.37
4 7 117 13078 3.32
4 7 134 22687 3.25
4 7 138 12820 3.22
4 7 142 21991 3.19
4 7 145 21748 3.17
4 7 155 17740 3.13
4 7 164 11908 3.11
4 7 167 12052 3.1
4 7 170 13090 3.09
4 7 177 21244 3.07
4 7 179 19993 3.06
4 7 183 18583 3.05
4 7 183 21973 3.05
4 7 186 8599 3.04
4 7 186 17734 3.04
4 7 189 16552 3.03
4 7 191 18586 2.99
4 7 191 12067 2.99
4 7 207 23425 2.95
4 7 209 11992 2.94
4 7 211 21976 2.93
4 7 211 22759 2.93
4 7 217 11965 2.92
4 7 227 11917 2.88
4 7 230 16543 2.85
4 7 233 11947 2.83
4 8 10 8056 3.93
4 8 21 15682 3.77
4 8 38 17278 3.66
4 8 41 17626 3.62
4 8 73 23809 3.49
4 8 84 15667 3.46
4 8 89 15685 3.45
4 8 90 17071 3.44
4 8 93 8062 3.42
4 8 93 21259 3.42
4 8 98 13750 3.41
4 8 98 13594 3.41
4 8 104 16192 3.37
4 8 118 13057 3.31
4 8 118 8035 3.31
4 8 124 18529 3.29
4 8 133 11953 3.26
4 8 138 17257 3.22
4 8 142 18532 3.19
4 8 145 17287 3.17
4 8 149 13747 3.15
4 8 164 12013 3.11
4 8 170 13744 3.09
4 8 170 11881 3.09
4 8 177 18556 3.07
4 8 179 19978 3.06
4 8 191 14572 2.99
4 8 191 18571 2.99
4 8 200 19945 2.98
4 8 221 21970 2.89
4 8 229 8263 2.86
4 8 231 8017 2.84
4 8 233 17260 2.83
4 8 233 19309 2.83
5 9 258 24553 2.74
5 9 261 11935 2.73
5 9 265 8260 2.71
5 9 281 12028 2.68
5 9 317 11941 2.52
5 9 325 15652 2.46
5 9 331 16537 2.41
5 9 331 21673 2.41
5 9 350 12583 2.3
5 9 358 21547 2.26
5 9 360 11833 2.25
5 9 361 14575 2.24
5 9 361 7324 2.24
5 9 364 20422 2.2
5 9 365 15676 2.19
5 9 367 12037 2.17
5 9 372 12049 2.13
5 9 374 14020 2.03
5 9 375 13081 2.02
5 9 377 11896 2.01
5 9 382 15640 1.93
5 9 383 14599 1.9
5 9 383 23746 1.9
5 9 383 16186 1.9
5 9 387 15043 1.76
5 9 389 23173 1.72
5 10 167 18577 3.1
5 10 183 12004 3.05
5 10 243 19999 2.81
5 10 243 14596 2.81
5 10 290 21238 2.65
5 10 320 16003 2.49
5 10 335 14605 2.4
5 10 346 23419 2.34
5 10 347 8254 2.33
5 10 350 12046 2.3
5 10 353 21556 2.29
5 10 355 8605 2.28
5 10 358 24133 2.26
5 10 363 19948 2.21
5 10 365 21676 2.19
5 10 367 14590 2.17
5 10 369 17305 2.16
5 10 370 23758 2.15
5 10 370 21685 2.15
5 10 373 16009 2.08
5 10 375 11848 2.02
5 10 377 24136 2.01
5 10 379 22756 1.99
5 10 380 8026 1.97
5 10 380 12022 1.97
5 10 386 21967 1.84
5 10 387 15664 1.76
6 11 113 17296 3.34
6 11 118 11845 3.31
6 11 155 18544 3.13
6 11 162 19960 3.12
6 11 170 18520 3.09
6 11 191 17266 2.99
6 11 211 11869 2.93
6 11 227 13600 2.88
6 11 246 11926 2.8
6 11 258 23413 2.74
6 11 265 11968 2.71
6 11 271 16534 2.7
6 11 281 11974 2.68
6 11 287 21550 2.66
6 11 290 8257 2.65
6 11 298 20503 2.61
6 11 298 21688 2.61
6 11 300 12034 2.6
6 11 303 17308 2.59
6 11 308 11989 2.57
6 11 310 19987 2.56
6 11 311 15649 2.55
6 11 311 7327 2.55
6 11 313 15643 2.54
6 11 313 11929 2.54
6 11 313 8032 2.54
6 11 328 21253 2.44
6 11 330 16558 2.42
6 11 331 8245 2.41
6 11 338 23752 2.38
6 11 339 13072 2.37
6 11 344 21256 2.35
6 11 344 11830 2.35
6 12 142 16075 3.19
6 12 149 12580 3.15
6 12 179 8053 3.06
6 12 202 16183 2.97
6 12 209 11944 2.94
6 12 211 13957 2.93
6 12 219 22681 2.91
6 12 243 11986 2.81
6 12 246 18553 2.8
6 12 250 22741 2.76
6 12 254 18523 2.75
6 12 254 14587 2.75
6 12 261 19951 2.73
6 12 265 7609 2.71
6 12 271 12061 2.7
6 12 271 11866 2.7
6 12 271 22927 2.7
6 12 281 11893 2.68
6 12 286 20926 2.67
6 12 290 17269 2.65
6 12 295 12019 2.63
6 12 295 6598 2.63
6 12 303 12064 2.59
6 12 306 18568 2.58
6 12 306 11878 2.58
6 12 319 11977 2.5
6 12 322 8602 2.48
6 12 325 22930 2.46
6 12 327 23755 2.45
6 12 335 12016 2.4
6 12 335 11857 2.4
6 12 341 13993 2.36
6 12 341 12040 2.36
6
计科
专业2
专业3
专业4
专业5
专业6
6
2 33
2 33
2 33
2 33
2 33
2 33
6
66
67
66
68
53
66
12
33
33
33
34
33
33
34
34
26
27
33
33
